2
4
4
6
6
8
8
9
9
10
10
11
12
13
14
15
17
17
19
19
20
21
23
23
25
29
29
30
30
31
31
32
32
33
33
34
35
35
38
40
40
41
41
44
45
46
46
48
49
49
49
50
51
51
51
52
52
53
54
56
57
58
58
58
58
59
60
61
61
62
63
64
64
66
68
69
69
70
72
73
74
74
74
77
77
77
78
79
82
82
83
83
84
89
90
91
91
92
92
92
93
94
96
96
98
98
99
99
100
102
103
103
103
105
105
105
106
107
108
110
112
112
118
118
119
120
120
120
122
123
123
125
127
129
130
131
131
133
134
134
135
135
141
143
144
145
146
147
148
150
152
154
155
156
158
158
158
158
159
160
160
161
162
162
162
165
165
168
168
169
169
170
171
171
173
175
175
175
177
181
185
187
188
190
190
190
190
194
195
197
198
198
199
200
200
202
202
207
207
210
210
210
210
217
218
220
221
222
223
224
226
228
228
229
229
230
230
231
232
233
234
236
241
241
241
242
242
243
244
246
247
247
248
248
249
249
250
254
254
255
255
256
257
257
259
259
259
259
259
261
261
262
262
263
263
264
264
268
268
269
270
272
274
274
275
275
276
276
277
277
277
278
278
280
280
281
285
287
289
289
290
290
291
291
293
293
294
295
296
297
297
297
298
298
298
300
302
302
303
304
305
306
308
309
311
311
312
313
313
315
315
316
317
317
318
318
318
320
320
321
322
322
322
324
324
325
325
325
326
327
329
329
331
332
333
336
338
338
339
339
341
342
345
345
347
347
347
348
348
349
351
353
354
356
358
359
361
361
362
363
363
364
364
365
365
365
365
366
367
367
368
369
373
375
376
376
376
376
377
377
378
378
378
381
383
383
383
384
384
384
384
385
386
386
386
387
387
389
390
390
390
391
391
392
393
395
396
399
400
400
400
402
402
402
403
403
403
404
406
408
409
409
410
411
413
413
414
414
415
415
418
420
420
420
422
423
423
423
423
423
423
425
425
426
427
428
429
429
430
430
431
432
434
435
436
437
437
437
438
438
440
441
442
445
446
447
447
448
450
451
455
457
458
459
459
463
464
465
466
466
467
468
469
469
469
469
470
471
473
476
476
476
477
478
478
479
480
480
481
481
482
483
484
484
485
486
486
487
488
489
489
490
491
493
493
497
498
498
498
499
500
503
503
504
505
505
506
507
508
508
508
509
509
509
509
512
512
512
512
513
515
515
515
518
520
520
521
522
522
522
523
525
527
527
528
530
530
533
534
534
534
535
535
536
537
538
543
543
545
545
545
546
549
549
550
550
552
552
555
557
558
558
558
558
559
560
560
561
561
562
562
564
564
564
565
566
566
569
570
573
575
575
576
579
579
580
580
581
583
584
585
586
586
587
590
591
591
591
592
593
593
593
596
596
597
597
599
604
605
605
606
607
607
608
608
610
610
611
611
611
611
612
613
613
613
614
614
616
616
617
619
620
620
620
621
621
621
621
622
623
624
626
627
629
631
632
633
633
634
636
636
641
642
644
644
645
647
647
648
648
649
650
651
652
653
653
658
659
659
661
662
663
663
664
666
666
668
672
673
673
673
674
675
677
680
683
683
684
684
684
686
687
689
690
692
692
695
699
700
701
705
705
705
706
707
708
709
712
713
716
716
717
717
717
718
720
723
724
725
725
726
734
737
738
738
740
741
741
742
742
743
744
746
746
747
749
750
754
756
756
757
758
759
759
759
760
761
762
764
765
770
772
772
773
775
775
776
776
776
777
777
778
779
779
779
780
781
783
784
786
786
787
788
788
789
790
792
793
793
793
794
794
794
795
797
797
798
799
799
800
801
803
804
804
805
807
807
808
808
808
808
809
809
810
812
812
813
814
815
816
816
820
820
823
823
823
823
825
826
826
826
826
827
832
833
833
834
834
837
837
838
840
840
840
842
847
848
850
852
853
857
858
860
860
861
866
872
872
873
876
877
877
877
880
880
881
881
882
883
886
888
889
890
890
890
891
891
892
892
895
896
898
901
901
902
902
903
903
903
903
904
904
906
906
907
907
908
912
912
913
913
914
914
915
916
917
920
920
920
921
922
922
923
923
925
926
926
927
928
930
930
931
932
932
933
934
935
937
937
937
938
938
939
940
941
941
944
944
947
947
948
949
951
951
952
954
954
955
955
956
956
959
959
959
960
961
961
963
963
963
964
965
965
966
966
966
967
968
968
971
971
972
972
972
972
972
973
974
975
979
980
980
981
981
982
985
987
990
990
994
996
999
999
999
1000
1000
1001
1004
1004
1004
1005
1005
1006
1006
1006
1006
1008
1009
1010
1019
1020
1020
1020
1020
1021
1022
1022
1024
1024
1028
1028
1029
1030
1031
1031
1033
1034
1036
1036
1036
1038
1039
1039
1040
1041
1041
1043
1044
1045
1045
1046
1047
1047
1048
1049
1050
1050
1050
1052
1052
1054
1054
1055
1055
1058
1059
1060
1062
1064
1068
1069
1070
1072
1073
1074
1075
1075
1077
1077
1078
1078
1083
1083
1083
1083
1084
1085
1086
1087
1089
1089
1090
1090
1091
1095
1095
1096
1096
1097
1099
1100
1101
1101
1104
1104
1105
1106
1108
1109
1110
1111
1113
1115
1116
1116
1117
1117
1118
1119
1119
1120
1120
1121
1123
1123
1125
1126
1129
1129
1130
1131
1131
1132
1132
1133
1134
1137
1138
1138
1140
1145
1145
1146
1147
1147
1150
1152
1152
1153
1154
1155
1155
1155
1159
1160
1161
1163
1164
1165
1166
1166
1170
1170
1171
1171
1172
1174
1174
1176
1177
1179
1179
1180
1181
1182
1183
1183
1184
1184
1185
1185
1186
1186
1186
1187
1187
1188
1188
1189
1192
1193
1193
1193
1193
1194
1195
1199
1199
1199
1200
1202
1207
1207
1207
1213
1214
1215
1215
1216
1218
1220
1221
1223
1223
1226
1227
1229
1229
1230
1230
1230
1231
1232
1232
1233
1237
1238
1238
1239
1239
1240
1240
1240
1241
1242
1243
1243
1243
1243
1244
1244
1247
1247
1249
1251
1251
1252
1252
1253
1257
1257
1257
1258
1262
1265
1266
1266
1268
1269
1273
1276
1276
1277
1278
1279
1280
1280
1280
1281
1283
1284
1284
1287
1288
1290
1291
1291
1291
1292
1294
1295
1295
1297
1297
1299
1300
1301
1302
1304
1304
1304
1304
1307
1308
1309
1309
1310
1312
1315
1315
1316
1318
1319
1321
1321
1321
1321
1323
1324
1324
1328
1328
1330
1330
1331
1331
1333
1333
1334
1335
1335
1336
1338
1339
1339
1340
1340
1340
1343
1343
1344
1345
1345
1345
1348
1348
1348
1348
1348
1349
1349
1349
1352
1354
1355
1357
1359
1361
1362
1362
1362
1364
1365
1365
1367
1370
1370
1370
1373
1379
1381
1382
1383
1383
1384
1385
1385
1387
1387
1388
1388
1390
1390
1391
1392
1395
1395
1397
1397
1398
1400
1400
1403
1404
1404
1404
1404
1405
1405
1405
1405
1406
1406
1407
1409
1413
1414
1414
1417
1417
1418
1421
1423
1425
1425
1426
1428
1430
1431
1433
1433
1434
1434
1436
1439
1441
1443
1443
1444
1444
1445
1445
1446
1447
1448
1448
1449
1450
1451
1451
1452
1453
1454
1454
1455
1455
1456
1457
1458
1461
1461
1461
1461
1462
1463
1463
1464
1464
1465
1466
1467
1468
1469
1470
1471
1472
1473
1473
1475
1476
1479
1479
1484
1485
1486
1488
1488
1488
1491
1492
1493
1497
1499
1500
1501
1501
1502
1503
1503
1504
1504
1504
1507
1508
1509
1510
1511
1512
1513
1513
1513
1513
1513
1515
1517
1517
1517
1517
1517
1521
1522
1522
1524
1527
1528
1529
1529
1531
1531
1532
1534
1534
1535
1540
1541
1541
1542
1543
1544
1545
1546
1546
1547
1549
1549
1552
1553
1556
1559
1559
1560
1560
1563
1563
1563
1564
1564
1566
1566
1568
1570
1573
1573
1574
1576
1576
1577
1578
1578
1579
1580
1583
1584
1585
1586
1587
1587
1588
1588
1589
1592
1592
1593
1593
1593
1594
1594
1594
1594
1596
1597
1600
1602
1603
1603
1603
1605
1606
1609
1610
1610
1610
1611
1611
1613
1614
1615
1617
1620
1621
1624
1624
1624
1626
1631
1631
1631
1632
1632
1633
1633
1633
1634
1636
1636
1638
1638
1639
1640
1640
1641
1641
1643
1645
1646
1647
1647
1648
1649
1649
1651
1651
1653
1654
1654
1655
1657
1659
1660
1662
1664
1666
1670
1670
1671
1671
1672
1672
1675
1676
1677
1677
1677
1678
1679
1681
1681
1681
1683
1684
1685
1685
1686
1688
1688
1689
1690
1691
1694
1696
1697
1697
1698
1699
1699
1699
1700
1702
1702
1702
1704
1705
1705
1705
1705
1706
1707
1708
1708
1709
1711
1711
1713
1714
1716
1716
1716
1717
1717
1717
1717
1718
1719
1720
1722
1722
1723
1724
1725
1726
1726
1726
1729
1730
1730
1731
1731
1732
1732
1734
1736
1737
1738
1738
1740
1741
1741
1743
1743
1744
1744
1745
1745
1746
1747
1747
1749
1750
1750
1752
1753
1753
1754
1756
1757
1758
1758
1760
1761
1761
1762
1762
1765
1765
1767
1769
1769
1771
1772
1773
1774
1775
1775
1775
1775
1777
1777
1778
1778
1779
1780
1782
1784
1785
1785
1786
1787
1788
1789
1789
1790
1791
1792
1792
1795
1796
1798
1799
1800
1801
1801
1803
1804
1805
1806
1807
1807
1807
1808
1809
1810
1812
1813
1816
1818
1818
1819
1819
1820
1820
1821
1823
1823
1825
1825
1827
1828
1829
1830
1830
1832
1832
1832
1835
1835
1836
1837
1838
1840
1843
1843
1843
1846
1847
1848
1848
1850
1850
1850
1850
1854
1855
1856
1856
1858
1860
1860
1861
1861
1861
1862
1863
1863
1864
1865
1865
1865
1866
1867
1868
1869
1869
1870
1871
1871
1873
1874
1875
1876
1877
1879
1880
1882
1884
1886
1891
1892
1892
1892
1897
1897
1898
1898
1898
1900
1900
1900
1901
1902
1902
1902
1905
1905
1905
1905
1906
1906
1909
1911
1911
1912
1912
1916
1916
1917
1917
1919
1919
1920
1920
1921
1921
1924
1924
1925
1926
1926
1928
1929
1929
1930
1931
1931
1931
1933
1934
1935
1936
1937
1937
1940
1940
1940
1940
1941
1941
1942
1942
1943
1946
1946
1947
1948
1948
1951
1951
1952
1952
1953
1953
1953
1955
1955
1956
1957
1959
1959
1963
1964
1969
1970
1970
1972
1973
1973
1973
1974
1974
1974
1974
1975
1975
1976
1978
1978
1979
1980
1980
1981
1983
1986
1990
1992
1992
1993
1994
1994
1995
1995
1995
1996
1996
1997
1997
1997
1998
2000
2002
2002
2003
2003
2003
2005
2006
2006
2007
2008
2008
2009
2009
2010
2010
2013
2013
2014
2015
2018
2019
2020
2021
2021
2021
2022
2023
2024
2024
2025
2027
2027
2027
2028
2029
2030
2034
2035
2041
2042
2042
2042
2043
2043
2044
2045
2047
2051
2052
2054
2054
2055
2056
2057
2057
2058
2059
2062
2062
2064
2065
2066
2067
2067
2068
2068
2069
2070
2071
2071
2073
2074
2074
2074
2074
2075
2075
2076
2077
2077
2078
2079
2079
2079
2081
2081
2082
2082
2083
2084
2085
2085
2086
2086
2087
2088
2089
2090
2091
2092
2094
2094
2097
2098
2099
2100
2100
2100
2100
2100
2102
2102
2102
2104
2104
2104
2104
2104
2104
2105
2105
2105
2106
2107
2107
2107
2108
2109
2110
2110
2111
2112
2113
2113
2115
2116
2117
2117
2121
2121
2122
2122
2123
2124
2125
2126
2126
2127
2127
2127
2131
2132
2133
2134
2135
2137
2137
2138
2142
2143
2143
2145
2145
2146
2146
2147
2147
2148
2149
2151
2153
2153
2153
2154
2156
2160
2160
2160
2162
2164
2164
2164
2164
2166
2168
2168
2169
2172
2173
2174
2174
2175
2177
2178
2179
2184
2184
2184
2185
2185
2185
2186
2188
2188
2189
2189
2190
2190
2191
2192
2192
2192
2196
2197
2198
2198
2199
2199
2199
2202
2202
2202
2203
2206
2206
2206
2208
2208
2208
2208
2209
2209
2209
2210
2211
2211
2214
2216
2217
2217
2218
2219
2220
2220
2220
2223
2224
2225
2227
2227
2228
2228
2228
2230
2231
2232
2232
2233
2234
2235
2236
2236
2236
2237
2237
2238
2238
2238
2239
2240
2241
2243
2243
2245
2245
2246
2247
2247
2248
2249
2249
2251
2251
2254
2255
2257
2258
2259
2260
2261
2263
2263
2263
2266
2266
2266
2269
2270
2270
2271
2272
2272
2273
2273
2274
2274
2276
2276
2276
2277
2277
2277
2277
2278
2280
2283
2284
2285
2285
2286
2287
2287
2287
2287
2288
2288
2291
2291
2291
2291
2291
2291
2292
2293
2295
2295
2296
2296
2297
2298
2298
2298
2299
2300
2302
2303
2305
2307
2307
2308
2308
2310
2310
2310
2312
2313
2313
2314
2315
2315
2315
2315
2318
2318
2321
2322
2323
2324
2325
2327
2328
2328
2333
2333
2337
2337
2339
2339
2339
2341
2342
2343
2343
2344
2344
2346
2348
2348
2350
2350
2351
2352
2352
2352
2353
2353
2353
2354
2355
2356
2356
2358
2358
2359
2360
2360
2361
2362
2362
2363
2364
2364
2364
2367
2368
2368
2369
2369
2369
2369
2370
2371
2371
2371
2372
2372
2373
2375
2375
2377
2378
2379
2380
2380
2381
2381
2381
2382
2382
2383
2386
2386
2388
2388
2389
2391
2391
2392
2394
2394
2396
2397
2399
2399
2399
2399
2400
2400
2401
2401
2401
2403
2403
2406
2406
2406
2408
2408
2409
2412
2412
2412
2412
2413
2414
2414
2415
2416
2419
2420
2420
2422
2422
2423
2425
2426
2426
2430
2430
2431
2432
2432
2439
2441
2445
2445
2448
2451
2453
2453
2453
2453
2454
2455
2456
2456
2458
2458
2459
2460
2460
2460
2461
2462
2463
2465
2470
2470
2470
2472
2472
2473
2473
2476
2477
2477
2477
2479
2479
2481
2482
2482
2482
2484
2484
2484
2485
2486
2486
2487
2488
2489
2489
2489
2490
2490
2492
2492
2494
2497
2497
2498
2498
2500
2500
2501
2501
2504
2504
2505
2505
2509
2510
2511
2512
2513
2513
2514
2515
2515
2516
2521
2522
2524
2524
2526
2527
2527
2528
2528
2529
2530
2531
2532
2533
2533
2534
2534
2534
2534
2535
2536
2536
2537
2538
2540
2541
2543
2544
2544
2546
2546
2550
2553
2553
2555
2556
2556
2557
2557
2558
2560
2562
2568
2568
2570
2571
2572
2573
2574
2576
2576
2577
2578
2579
2579
2581
2582
2582
2583
2583
2583
2584
2591
2594
2596
2596
2596
2596
2597
2602
2602
2603
2603
2604
2604
2605
2607
2607
2607
2608
2609
2609
2609
2610
2610
2611
2613
2614
2615
2617
2618
2618
2619
2619
2622
2622
2622
2624
2625
2626
2626
2628
2628
2630
2632
2633
2633
2635
2636
2637
2638
2638
2640
2643
2646
2650
2652
2653
2654
2655
2656
2656
2657
2659
2661
2664
2664
2666
2667
2667
2667
2670
2670
2670
2671
2676
2677
2678
2679
2681
2682
2683
2684
2685
2687
2688
2688
2688
2688
2688
2690
2690
2690
2690
2691
2693
2693
2695
2696
2700
2700
2701
2701
2704
2704
2704
2705
2705
2707
2708
2708
2709
2710
2710
2710
2711
2711
2711
2711
2713
2714
2715
2715
2716
2719
2719
2720
2720
2721
2721
2722
2722
2723
2724
2724
2726
2727
2729
2729
2729
2732
2733
2735
2736
2737
2737
2737
2737
2737
2740
2740
2741
2743
2743
2744
2744
2744
2744
2745
2747
2748
2752
2753
2754
2754
2755
2757
2758
2760
2760
2761
2767
2767
2767
2769
2771
2772
2773
2775
2775
2775
2777
2777
2779
2780
2780
2780
2780
2783
2784
2785
2785
2785
2785
2788
2789
2789
2789
2791
2792
2793
2794
2795
2796
2797
2798
2799
2799
2801
2802
2806
2807
2809
2810
2810
2814
2816
2816
2816
2817
2817
2817
2820
2820
2821
2823
2824
2824
2824
2824
2824
2826
2826
2826
2828
2830
2830
2830
2832
2837
2837
2840
2841
2843
2844
2845
2845
2845
2847
2849
2850
2850
2850
2851
2852
2853
2854
2855
2856
2856
2857
2860
2861
2861
2863
2863
2866
2867
2868
2868
2868
2868
2870
2872
2873
2876
2877
2879
2881
2883
2883
2884
2884
2887
2888
2888
2889
2889
2890
2891
2891
2893
2893
2894
2896
2896
2905
2906
2906
2908
2909
2911
2912
2912
2913
2913
2915
2916
2916
2918
2921
2924
2926
2926
2927
2928
2929
2929
2929
2930
2932
2932
2932
2933
2934
2935
2935
2937
2940
2940
2940
2941
2941
2941
2943
2943
2947
2948
2950
2951
2954
2954
2955
2955
2956
2957
2960
2960
2961
2961
2962
2962
2963
2963
2963
2963
2964
2964
2964
2968
2971
2972
2974
2977
2978
2978
2980
2981
2983
2986
2987
2988
2989
2989
2989
2992
2992
2993
2994
2995
2997
3000
