2154
2514
1177
543
1123
2538
990
1928
2276
2677
1213
51
907
522
2708
2214
2909
2337
130
2399
2236
1006
2419
2305
1099
2297
2339
2622
2710
2453
1636
162
1382
683
523
2199
10
1578
2260
1898
1921
1917
2286
2482
2364
2
1624
2544
1905
298
1787
847
825
1362
2322
1418
1587
165
2147
1588
2490
2092
2145
1848
1705
907
91
325
311
1672
564
965
2574
1475
1941
403
1485
1517
2872
2743
1269
6
387
2184
2656
2127
2412
2940
1333
2232
2780
1855
1040
376
1924
2797
623
2015
812
1758
776
1089
2147
1869
2470
2929
1096
1004
2266
903
559
2400
2277
2368
1031
717
2667
1304
944
1734
2220
2023
2521
2707
765
1677
2928
1943
123
435
35
1060
351
1280
315
2462
717
892
1593
1249
1911
996
1753
2055
982
611
1450
1050
2208
1594
2583
202
1517
2052
2008
788
1379
1704
2233
1120
2690
1803
2100
485
938
2633
2291
947
880
2296
645
1404
2104
706
1458
231
636
1741
2178
2987
2362
3000
391
1397
259
1252
2691
2926
1792
716
2107
1877
303
1843
779
2932
692
2089
2876
2296
915
1585
944
2018
2753
1170
2238
1022
2370
2192
489
293
2740
550
1955
1251
1587
339
2535
1838
758
1078
2531
2889
1087
2358
2604
493
2224
1779
1348
1115
305
947
2414
2704
2918
2522
498
1709
972
2553
92
1594
2380
561
1047
591
800
1820
1503
1383
1651
985
1916
2537
2894
386
2298
2516
596
2955
1685
438
254
562
2930
2369
1507
1677
2041
1186
1975
2596
2295
2832
1861
2492
680
1654
663
2893
41
2941
2074
1473
1626
1737
479
1146
322
2789
2611
1054
430
1165
2208
1593
2386
1257
2156
1024
2360
409
2191
1501
29
922
659
2164
552
363
1484
1865
1511
2860
2926
1659
1586
2412
1726
2929
2184
188
145
1344
248
430
1000
1974
1072
1084
581
662
961
1406
1615
2560
1188
1316
481
804
789
2291
2850
1339
2350
1152
1445
2850
743
2855
2112
324
200
966
537
2003
169
1707
1765
1563
2465
1334
466
2259
890
972
1020
2961
1166
242
1541
512
2715
2626
621
2169
105
2373
338
1243
973
1445
2104
120
2854
390
257
254
596
512
2688
1174
1864
1243
2656
1924
1359
2160
2505
52
2184
376
1106
2557
677
44
338
1405
1022
400
8
249
488
1836
971
2799
197
912
980
2098
1045
1083
120
2137
1491
1464
809
860
794
158
1723
500
1054
2603
2636
2327
1095
12
2237
1132
1919
1795
525
1001
2333
1974
709
2534
2426
1912
2110
2173
2777
2638
1006
1681
2788
2248
1194
2760
2889
2369
1077
415
2371
853
2143
1576
77
1871
33
298
913
2556
1860
1726
1791
2943
2785
233
217
210
83
1266
979
2149
313
146
832
607
2887
1091
415
1534
1004
2415
1564
1388
1711
926
91
1288
1610
2723
784
614
801
2116
2122
1812
4
1564
2814
2394
1335
1534
903
1470
2307
2416
58
2513
2277
586
1744
1233
1636
481
605
339
1312
1005
2318
1028
2422
2107
592
365
2912
1920
210
1129
889
2091
356
2381
54
2684
2721
2371
2064
135
168
1610
2270
2696
2489
597
2840
2826
1338
326
486
2192
1705
207
902
1566
2364
2845
1517
653
1948
1722
2077
2737
2720
2381
1724
377
2054
112
1309
2843
1220
318
1696
1769
2325
2111
1052
1708
2711
2113
2837
2251
241
2269
840
2760
17
2043
308
1055
2235
666
1875
716
1006
160
1029
72
1385
2530
2117
487
963
1154
1405
2546
1512
1746
557
2980
2087
1281
1465
1731
2448
2337
520
420
1179
1801
2288
2371
2844
2206
463
1430
610
641
437
445
1150
1397
901
1321
777
32
1850
1262
247
948
543
2758
999
512
734
1083
2100
1231
2353
1544
190
1973
1215
2500
1769
506
1223
2845
928
156
440
365
658
2485
2609
2412
2074
1846
620
425
2076
1118
493
1230
331
84
1328
959
1632
1677
808
1446
1469
1290
1132
383
1744
2505
1517
2067
1123
1750
2234
675
384
2085
2908
1835
2849
79
1726
960
2837
31
243
1000
999
2208
2771
1284
2481
469
1953
892
1302
1244
2420
1775
2420
2328
1717
1917
1232
2065
2000
2540
2100
2458
1531
2243
1451
2879
499
2263
246
2497
190
1807
1119
96
108
1390
402
779
1702
564
395
2151
1273
737
234
386
2460
1952
1979
291
620
2003
322
1976
9
1761
1740
1986
17
272
2785
2425
402
2729
798
1528
2285
1039
2375
1717
2206
427
1153
759
2824
1400
1589
316
365
414
280
742
1651
701
2295
1434
218
255
1816
1357
466
2274
476
2618
1994
1624
937
972
51
1997
1900
1133
1243
429
2019
2633
749
1488
1905
1738
1117
1995
2866
1504
2489
788
1702
229
2148
2826
1603
290
820
190
586
1370
891
490
2596
673
906
60
46
392
689
278
1239
2896
2276
2726
746
1199
1880
2989
2430
1948
1675
2783
507
2348
2104
1782
536
423
2042
2074
2816
2498
1664
2929
2315
1641
1215
223
776
2809
2293
378
1743
103
2401
2573
2220
1649
2905
431
2057
367
451
2799
1467
2708
573
647
348
1647
1935
738
777
1185
814
2714
2817
914
1020
794
1214
629
459
2541
1640
2308
2249
498
1348
793
1180
2285
1116
2891
2110
1170
1473
1825
620
2912
2883
1062
545
408
1649
2081
200
2225
1499
1951
318
2218
820
2968
990
931
1702
955
302
2704
1406
1230
30
194
342
118
649
404
33
2775
1308
1863
2785
1856
195
1867
1020
2439
1195
274
653
2172
2202
378
1983
773
1898
120
228
1542
2189
1323
1532
866
1995
2940
1529
906
742
2168
471
1193
2126
2383
1681
2810
1417
1324
70
1870
226
105
1291
2470
642
23
762
1681
1580
1503
2432
786
154
952
2780
1058
14
333
1010
1757
555
1730
152
803
129
1315
1184
2670
1479
1785
1940
787
522
1594
1240
207
2852
2964
2737
2071
480
1125
436
420
1970
2002
2609
2801
2188
171
1405
1362
2346
1199
1295
1691
2343
2441
2386
322
264
726
161
2162
2287
49
842
2605
1874
2637
2913
2021
1697
1383
2741
2079
423
1934
1823
876
1008
2512
902
509
25
442
56
155
860
1131
1819
473
1866
325
2202
558
795
82
2323
1906
1218
1959
2709
2453
1028
2727
230
535
1767
2527
1179
2047
1238
2369
297
923
498
2399
2199
2960
2397
622
967
2263
1304
2133
778
612
1221
1672
2664
932
2422
2077
545
1947
2780
82
1253
368
740
2217
1095
269
2492
834
2729
30
2211
315
2737
1461
2526
1486
593
616
1886
1335
1461
1064
951
2009
2013
2006
1444
2772
105
1340
302
2132
2524
110
1684
1529
562
2603
2339
503
827
1980
1646
882
1345
1775
1138
2791
2102
1400
1472
2353
1055
2773
1174
759
309
1789
1439
1807
1714
1276
2413
1321
1048
1573
505
2570
1605
133
2122
2284
491
1104
1145
2486
1324
530
1413
277
1994
2388
1786
1391
1620
1176
1493
823
277
2963
122
1522
631
2255
198
613
1509
610
1809
1513
2030
886
2403
428
1732
2630
1799
373
2868
2713
1300
980
2185
1614
1448
1068
1729
1301
1384
2981
1441
2534
2715
786
756
2392
1573
2964
1679
1463
2342
9
776
171
250
317
268
2082
2068
2315
2479
2401
459
648
1070
652
2367
2956
257
999
1276
1501
877
1736
1517
1074
2254
508
396
2314
2241
1426
1310
775
359
2504
1036
930
1405
1392
363
1843
1848
2062
2701
364
807
873
1241
2732
705
259
597
2755
2453
503
1716
23
2992
1686
2602
1882
96
158
2947
1461
2527
1952
2596
1126
2628
2940
1946
1345
2068
723
1431
78
94
1161
611
1159
1403
621
1078
1387
1916
838
587
2460
550
2572
2737
2394
264
2775
963
50
2941
1184
1671
1854
1349
1307
1364
2962
1670
605
2228
2576
2472
2008
793
2873
2661
1560
508
1545
2007
1449
1464
741
1340
1207
1821
1900
2085
2954
2185
287
420
1468
593
1463
483
1304
981
2401
1858
2744
2841
904
2360
2963
399
2591
147
2313
2850
2369
66
1997
2094
2735
2943
2654
2099
2069
1906
1097
1185
426
1865
2079
2013
515
1252
2127
809
2963
940
2711
2209
1800
2315
276
1929
932
687
1388
1349
2079
1073
2484
289
1758
2258
1163
2679
650
68
1818
2406
175
262
2070
1583
2375
2266
2676
1131
1075
2121
1455
1657
469
438
2777
1780
2557
1183
1164
760
2486
1239
2380
93
1044
1577
1891
1900
2581
1784
1832
2270
1705
793
2277
100
2463
2618
2643
2025
1925
1492
700
2820
2667
347
2957
1546
1381
2470
2406
920
1588
1810
175
294
2583
1121
1689
1647
1931
959
1631
2372
1892
77
1207
1936
799
2071
584
318
2534
2273
2705
1631
2174
2086
2100
2688
1937
2352
1046
2681
1747
636
2027
2160
187
2028
450
1443
296
2568
347
1716
1189
2927
2113
118
770
2607
1352
558
1753
772
1291
390
826
2877
2978
83
627
994
823
941
848
1257
2075
575
2571
2688
1698
1732
448
2197
1856
98
2487
1242
2830
1531
2582
1956
45
1365
651
1778
1926
1596
2451
2978
291
2693
1370
2607
1718
1643
447
295
956
2175
1563
2705
2789
648
1670
2020
1778
1522
1926
1354
2619
2042
1110
2251
549
31
2287
2670
261
277
1901
402
804
1428
480
2667
366
261
2188
808
1640
2164
2784
2313
1006
2960
2640
1775
2310
896
1975
1515
2364
2288
141
608
2123
2321
1873
2724
1365
262
1283
1497
799
1706
297
1075
2084
1559
2515
2562
413
2610
2861
1678
393
2227
2473
930
1247
2688
2510
538
69
2328
321
470
2579
1461
1566
1433
2362
2299
1699
1155
826
29
1409
489
1820
2086
1760
2719
1229
2125
2134
580
2356
354
1892
747
1953
102
1830
170
177
423
1716
2059
922
632
2937
2608
2343
1639
823
579
1592
2143
1909
2555
362
2798
2711
2219
158
1785
2528
613
2105
2476
455
1980
2816
2454
2307
143
1077
2272
19
353
2106
1998
951
613
41
190
1997
1750
429
566
1193
1653
2177
2962
2372
1404
259
619
1911
391
837
891
244
2138
2888
2236
1617
381
2780
320
2146
2237
2377
939
1155
972
955
61
2863
2744
1390
756
15
705
158
2135
1090
2724
2192
797
2045
125
2035
2795
1216
2857
1829
1860
437
1345
1788
1634
1229
1050
1777
123
1321
162
2002
1448
106
621
2261
1535
2109
1237
2700
528
2583
1832
1266
2228
1200
971
2856
1361
1775
1813
2276
1610
131
590
478
1147
304
2614
2368
2131
6
1722
2210
434
1090
2409
1920
674
927
1004
224
746
2029
2868
2211
484
1404
534
2824
840
349
2529
2807
2810
661
1592
1745
2767
2983
2291
2729
2509
2021
904
2399
1024
2003
247
1009
1504
1648
2579
1902
320
361
2884
345
794
1244
593
1606
2501
790
2722
1804
608
2793
2716
1039
1905
750
2414
1633
198
2659
2993
2500
2733
89
1036
1790
1111
92
933
10
2391
2568
2243
2863
2536
668
1992
1919
1868
422
2300
2494
2217
1699
1277
1957
2117
2961
1043
2426
1331
1827
807
1454
2934
256
2948
1666
1762
2528
1902
783
58
4
2678
281
1563
2977
2399
103
624
1321
1547
833
527
2670
1047
1166
1624
2227
2198
2754
1230
1513
1232
560
2126
1955
683
2105
2533
103
2890
2473
230
2906
617
2027
2744
222
1171
1417
877
2650
259
2986
535
1238
2022
591
2830
2266
2202
1579
717
2826
1576
1295
1186
384
1996
1720
1451
1638
1453
1278
2622
966
2408
1513
1609
2208
199
418
329
1951
1711
2339
974
48
1223
2348
2482
2312
1540
1603
90
826
2602
583
1541
2881
2916
2273
1130
2856
364
1280
423
220
1279
2896
764
210
1455
2461
2613
58
2044
2010
2974
375
2941
1456
73
58
432
925
2883
99
2097
644
508
20
2287
2186
1805
937
666
2324
1404
367
1433
1850
1395
2688
872
64
1199
329
2310
585
1828
2160
300
1912
2582
565
2794
1101
826
259
2524
2185
1019
2355
1297
2094
2272
2142
1972
1085
290
389
2291
1021
956
607
1861
965
2291
1974
289
414
1373
1798
1041
2632
518
1339
1973
560
2997
2534
268
522
805
275
2278
2145
935
2754
469
2536
2277
185
49
148
1425
1226
634
2584
2748
2870
2488
484
1931
1462
1671
2884
1188
2817
647
888
2230
2687
263
1749
566
2752
2009
1631
1398
1578
1041
497
2216
2638
1959
2683
2024
2078
1052
2830
2423
365
744
32
476
458
1602
2127
437
107
2066
1299
1251
1330
2504
1772
59
2190
1423
780
705
569
1508
1395
2951
1633
2704
2198
1284
2358
1621
2115
1343
1559
1654
852
1754
2361
2190
621
1036
2445
2298
1556
1479
1268
707
2868
464
2121
2220
293
1348
2964
2994
1243
447
1031
1905
2057
2624
38
1083
1147
2721
2456
2955
2341
1931
1876
2168
2924
62
378
229
134
2845
880
2445
1584
1560
1869
644
1444
1699
2893
1752
1045
2236
1594
1182
1993
1050
1155
1033
857
1513
1660
2622
1240
673
377
923
2206
686
720
2550
2792
2107
2074
361
917
2352
2246
298
1119
1730
2851
1297
2604
2769
2287
1771
1705
533
872
2596
938
1745
1294
2913
2104
2146
2932
987
815
561
1113
808
2363
236
1207
699
895
387
160
1996
2577
1101
1823
890
413
2515
410
2164
2789
2628
2666
2431
162
2104
2396
2657
369
2817
400
2501
901
11
779
1152
1436
2828
51
248
1969
173
2310
1884
1038
1425
2263
1309
2108
1773
1863
708
2617
725
2228
2382
1476
576
2544
2498
2607
465
457
1292
385
759
112
1777
1328
2238
2024
2610
1632
1756
614
1902
1946
8
2743
1992
2484
476
2546
2472
2081
579
1546
813
1069
1765
840
1552
2430
2344
964
1340
306
833
1685
2073
210
384
2701
1247
2432
1921
1138
280
274
127
1850
2223
2490
1819
534
2308
881
74
761
49
912
1452
1414
663
2067
2497
2740
505
202
1694
2767
1818
2021
2861
2291
2179
2100
1331
1879
2652
1336
74
1348
1796
834
2823
2153
52
1549
1974
2381
2389
2626
633
823
2378
345
2344
1741
2824
2054
74
520
673
2240
1137
1280
64
1953
812
2513
2816
890
325
482
981
1807
19
2005
2867
850
1603
144
2821
119
2455
792
46
403
2352
348
1940
1738
2280
21
242
1892
2824
40
2412
1995
1096
2356
509
2315
949
2935
2245
134
772
664
2911
2619
2757
376
478
2954
1227
2891
1743
2351
1527
1940
1697
2785
972
1434
1145
558
1502
1717
626
181
908
1172
2594
2615
724
2767
336
1978
1725
1964
898
684
1304
2745
2027
2737
376
2292
1688
816
968
754
2403
384
2459
1466
1593
1731
975
926
1367
2556
1843
1597
34
2802
1504
2247
1835
921
1291
1719
1105
169
2664
270
1808
1981
2722
1385
775
275
2543
1265
423
1611
57
99
512
509
599
2164
2102
2083
1362
1187
2736
504
2635
883
2353
317
2042
515
2511
1990
2921
515
2609
2245
575
1109
1414
1034
168
390
1792
1789
2209
2720
1104
954
2578
1117
2971
816
165
546
961
606
1330
1181
446
2458
1421
2989
914
1568
1871
549
1187
1443
968
2988
1202
2995
959
2196
2051
2379
1192
1940
2189
69
276
797
954
941
327
725
1713
1407
2690
963
1287
2653
1488
409
2700
1193
2646
383
313
2484
1676
1049
2719
712
2992
1447
2690
2456
1521
1933
61
1258
2257
1318
591
1574
2820
2058
2460
2166
1613
1513
1454
738
2744
2043
2298
263
386
2477
383
35
228
2274
808
2239
1343
2124
1747
1553
1129
221
1570
1134
2933
2655
1543
1840
1257
1963
2597
633
297
1762
913
2693
1633
2710
2711
53
2671
1020
2553
1549
2247
2153
1683
2915
2104
1942
2489
2906
468
513
441
131
1108
241
2333
527
1850
2318
425
324
1688
2482
684
1929
1774
2824
249
2935
1761
2088
2916
2238
135
1315
1690
937
423
1457
1897
2303
916
285
2406
255
611
98
358
1847
2354
77
332
713
232
1806
881
2203
2932
1500
690
2153
1005
411
2779
1193
672
2853
1089
2283
2888
858
2350
2747
1120
1645
509
684
1116
2102
837
659
2174
1941
1970
2477
2388
1641
2806
2382
2302
2453
2479
1319
477
1140
467
403
2847
1825
1830
718
695
877
1348
611
2034
469
810
1160
692
2231
1030
616
1801
1978
159
2533
2271
2232
1862
1655
1240
545
580
2950
1662
2796
278
1488
2359
1524
1700
2391
920
2685
903
2010
1086
241
920
934
552
564
341
1897
1471
400
486
2532
1183
558
2006
1370
312
530
1837
1832
1717
1937
2082
347
2477
2690
1942
2209
2056
966
92
781
2625
1333
2868
1611
1930
534
150
1387
1510
2075
1708
1861
2199
175
2137
1186
2775
757
1349
1083
604
2062
1898
2105
1973
2710
2249
40
2761
2972
741
2400
903
2989
2090
1865
2695
1059
2014
2682
311
63
13
1638
1355
1600
2963
861
1100
406
521
570
2576
2408
1171
2558
